the_number_of_solutions
1 1
1 1
1 1
1 1
1 1
1 1
1 1
1 1
1 1
1 1
2 1
1 1
1 1
1 1
1 1
1 1
1 1
0 0
1 1
1 1
1 1
0 0
1 1
2 1
2 1
0 0
0 0
1 1
1 1
1 1
2 1
1 1
1 1
2 1
1 0
1 1
2 1
1 1
1 1
1 1
1 1
1 1
0 0
1 1
1 1
0 0
1 1
1 1
1 1
1 1
1 1
1 1
2 1
1 1
1 1
0 0
1 1
1 1
1 0
1 1
1 1
1 1
1 1
1 1
1 1
1 1
2 1
1 1
0 0
1 1
1 1
1 1
0 0
1 1
0 0
1 1
0 0
1 1
2 1
1 1
1 1
1 1
1 1
1 0
0 0
1 1
0 0
1 1
1 1
1 1
1 0
1 1
1 1
1 1
1 1
2 1
1 1
1 1
1 1
0 0
